word	percent	concreteness	count_head	count_occur
relaxing	3.0	12.97637	3	1
seen	2.935	3.66098	91	31
shown	2.857	2.87101	120	42
pictured	2.8	10.14498	14	5
kinds	2.8	15.34591	14	5
turned	2.667	11.60619	16	6
visible	2.667	12.03610	16	6
flown	2.6	73.74928	13	5
prepares	2.545	10.99121	28	11
gathered	2.538	7.88291	33	13
gathering	2.5	15.83908	5	2
snowboarding	2.5	40.92058	10	4
putting	2.429	9.30495	17	7
flock	2.4	31.64186	36	15
ready	2.395	4.73125	182	76
prepared	2.375	12.91985	19	8
served	2.375	16.57137	38	16
used	2.333	7.79058	21	9
makes	2.333	8.58292	14	6
pair	2.29	4.64014	142	62
stack	2.286	12.39653	16	7
kind	2.286	6.31064	16	7
herd	2.284	21.30441	153	67
placed	2.28	4.53766	57	25
group	2.268	2.86506	787	347
displayed	2.263	5.45086	43	19
hits	2.25	30.69534	9	4
appears	2.25	5.70358	18	8
machine	2.25	18.27077	18	8
waits	2.25	10.55946	9	4
uses	2.222	10.56452	20	9
eats	2.222	18.67611	20	9
make	2.2	7.01004	22	10
reads	2.2	14.05019	11	5
talks	2.2	18.94304	11	5
laid	2.2	30.04173	22	10
hangs	2.2	12.73670	11	5
runs	2.2	12.51682	11	5
do	2.2	10.41207	11	5
bunch	2.181	3.21770	181	83
look	2.179	2.83938	61	28
put	2.167	11.49764	13	6
lined	2.167	4.71247	39	18
passes	2.167	15.54479	13	6
jumps	2.167	14.34923	13	6
pose	2.167	11.70603	13	6
pass	2.167	11.78730	13	6
types	2.15	10.70117	43	20
lies	2.143	10.24923	15	7
gather	2.143	12.29332	15	7
watch	2.133	5.95359	32	15
pile	2.129	7.13070	66	31
pulled	2.125	14.67225	17	8
held	2.125	9.54438	34	16
goes	2.125	9.90324	17	8
lays	2.118	11.34834	36	17
drives	2.111	17.84781	19	9
says	2.111	14.24543	19	9
hold	2.111	7.35703	19	9
collection	2.111	15.91222	19	9
rides	2.105	9.54040	80	38
flies	2.105	24.66276	40	19
seated	2.1	9.19530	21	10
ride	2.1	8.98192	42	20
holds	2.092	3.13966	136	65
graze	2.091	29.03803	23	11
fly	2.077	24.23971	27	13
having	2.071	6.14909	29	14
stopped	2.067	16.92480	31	15
piece	2.067	6.39076	155	75
takes	2.067	6.57372	31	15
couple	2.064	1.76081	355	172
looks	2.058	2.29615	142	69
variety	2.056	11.48408	37	18
image	2.054	1.66182	152	74
stands	2.052	2.20208	199	97
perched	2.048	39.03554	43	21
sit	2.043	2.88833	141	69
number	2.042	3.45626	49	24
body	2.037	10.46810	110	54
walks	2.037	6.09108	55	27
sits	2.011	1.94306	360	179
touching	2.0	10.72475	26	13
cones	2.0	62.94157	2	1
curled	2.0	26.19146	18	9
travels	2.0	21.62354	14	7
includes	2.0	13.14304	18	9
skateboarding	2.0	25.53524	48	24
shows	2.0	3.78383	34	17
jetliner	2.0	69.80799	14	7
contains	2.0	9.61898	14	7
performs	2.0	28.08445	14	7
racing	2.0	33.89687	8	4
pulls	2.0	19.34211	12	6
objects	2.0	16.54571	6	3
rolls	2.0	19.22671	4	2
stuck	2.0	12.80257	6	3
piled	2.0	15.63299	4	2
throws	2.0	22.12763	4	2
coming	1.975	8.25171	79	40
hit	1.974	21.45555	75	38
guy	1.949	4.53427	76	39
rests	1.933	9.46160	29	15
throw	1.933	29.73751	29	15
walk	1.917	5.21173	69	36
watches	1.917	6.08665	23	12
see	1.909	5.68063	21	11
slice	1.903	18.92098	59	31
leaning	1.9	4.92286	38	20
swings	1.9	26.74368	19	10
assortment	1.9	14.97768	19	10
smiles	1.895	7.84483	36	19
photo	1.889	3.12732	204	108
take	1.889	9.38012	17	9
poses	1.889	8.18011	17	9
plays	1.889	9.09938	17	9
parked	1.877	8.11621	366	195
cut	1.862	11.11160	54	29
tied	1.857	21.30445	13	7
photograph	1.853	5.39621	63	34
painting	1.846	9.62026	24	13
set	1.843	4.00516	94	51
crowd	1.833	9.44064	66	36
giving	1.833	10.82351	11	6
edge	1.828	6.20729	53	29
scene	1.815	4.97333	49	27
has	1.81	1.93597	429	237
go	1.81	7.13050	38	21
features	1.8	10.31717	9	5
trying	1.8	5.85030	36	20
get	1.8	7.04450	18	10
slices	1.794	17.73306	61	34
picture	1.789	1.77739	288	161
lying	1.786	7.71677	75	42
view	1.781	3.08979	171	96
row	1.78	5.80681	73	41
catch	1.778	23.23429	32	18
van	1.778	20.03056	16	9
bite	1.769	40.89617	23	13
stand	1.765	3.25403	143	81
moving	1.762	7.51219	37	21
brushing	1.76	86.83768	44	25
person	1.756	2.12739	711	405
lady	1.755	3.97926	86	49
use	1.75	9.06578	21	12
carrying	1.75	6.99061	63	36
middle	1.75	2.43270	119	68
moves	1.75	14.40424	7	4
loading	1.75	24.07865	7	4
laying	1.745	6.43244	253	145
man	1.738	2.20510	1825	1050
vase	1.737	45.25966	172	99
boy	1.734	4.67959	430	248
statue	1.733	9.92953	26	15
eat	1.727	8.30282	38	22
does	1.727	15.72709	19	11
displaying	1.727	10.80603	19	11
sign	1.716	14.85157	326	190
enjoying	1.714	7.42396	24	14
climbing	1.714	16.19281	12	7
making	1.706	6.14298	29	17
reflection	1.706	15.10099	29	17
stacked	1.688	10.92086	27	16
cup	1.687	15.52516	113	67
bottle	1.679	11.17539	47	28
doing	1.676	15.00935	62	37
lid	1.667	59.68552	20	12
practicing	1.667	17.03899	5	3
pitcher	1.667	49.08260	35	21
arranged	1.667	11.52634	20	12
floating	1.667	31.17262	20	12
selling	1.667	54.74025	5	3
decorated	1.667	7.77598	50	30
rolling	1.667	11.53255	5	3
mound	1.667	77.66521	10	6
growing	1.667	70.03456	10	6
faces	1.667	16.32988	5	3
woman	1.663	2.87223	875	526
airplane	1.651	33.13236	137	83
posing	1.638	7.14018	77	47
waiting	1.636	5.53350	54	33
bowl	1.635	12.19955	206	126
play	1.633	8.32997	49	30
pieces	1.629	9.05813	57	35
pick	1.625	34.84736	13	8
leans	1.625	9.60302	13	8
docked	1.625	86.70044	13	8
holder	1.625	17.83307	13	8
driving	1.615	14.43560	84	52
surfer	1.615	42.41608	42	26
plate	1.609	10.58410	581	361
pot	1.607	18.80637	45	28
taking	1.606	4.20430	106	66
hotdogs	1.6	64.37429	8	5
platter	1.6	22.96653	16	10
sticks	1.6	11.12815	8	5
clothes	1.6	9.41378	8	5
officer	1.6	69.77442	8	5
bird	1.594	22.47095	153	96
swing	1.593	23.06597	43	27
lit	1.591	9.81938	35	22
swinging	1.588	23.16857	54	34
bedroom	1.587	38.38850	73	46
player	1.586	18.25265	230	145
jumping	1.585	12.69677	65	41
girl	1.583	3.92468	277	175
case	1.579	13.84820	30	19
walking	1.579	4.24860	360	228
going	1.571	5.73020	66	42
hydrant	1.568	30.38726	127	81
standing	1.567	1.98244	1089	695
pan	1.567	24.91550	47	30
skiing	1.564	30.41452	86	55
girls	1.562	8.41480	25	16
plane	1.558	31.97335	134	86
lot	1.557	3.85178	109	70
doughnut	1.556	31.35505	14	9
heads	1.556	13.71181	14	9
purse	1.556	50.34469	14	9
meter	1.552	83.75965	45	29
dressed	1.552	7.75186	45	29
shot	1.55	4.05923	31	20
playing	1.547	6.83786	345	223
closeup	1.545	11.82596	34	22
sculpture	1.545	12.97532	17	11
airliner	1.545	90.49950	17	11
dog	1.54	8.55873	445	289
resting	1.538	5.23968	40	26
pants	1.538	9.55035	20	13
restroom	1.538	32.54887	20	13
intersection	1.533	23.22646	46	30
show	1.533	9.04478	23	15
working	1.529	14.65013	26	17
facing	1.529	6.74276	26	17
swimming	1.529	34.89748	26	17
skier	1.529	30.65403	52	34
serve	1.529	34.46069	26	17
signs	1.528	26.88060	55	36
plates	1.528	18.52893	55	36
elephant	1.527	47.14563	171	112
drinking	1.526	11.27862	29	19
hotdog	1.526	77.13205	29	19
meal	1.52	14.63670	38	25
cat	1.519	17.75538	433	285
pulling	1.516	17.39282	47	31
line	1.515	3.88073	50	33
corner	1.51	7.04372	77	51
sitting	1.506	1.62604	1393	925
kitten	1.5	33.34035	18	12
made	1.5	8.54816	66	44
meters	1.5	108.69048	9	6
box	1.5	8.22959	66	44
signal	1.5	48.05292	9	6
dock	1.5	56.47433	6	4
eating	1.5	8.13694	189	126
lines	1.5	18.27238	9	6
patio	1.5	25.75272	9	6
roll	1.5	20.92507	9	6
dishes	1.5	21.32402	9	6
container	1.5	14.40321	21	14
images	1.5	16.48294	6	4
freezer	1.5	72.03149	3	2
pointing	1.5	12.61237	6	4
blowing	1.5	43.86837	15	10
hole	1.5	37.93613	15	10
bunches	1.5	120.30566	12	8
posted	1.5	28.75693	3	2
approaching	1.5	11.57391	3	2
block	1.5	12.53245	6	4
tower	1.492	48.49527	88	59
dish	1.486	15.15116	55	37
eaten	1.48	14.12975	37	25
flying	1.479	14.66289	287	194
sandwich	1.478	31.20556	133	90
surfing	1.476	45.67980	31	21
cow	1.471	34.66015	100	68
side	1.469	2.21837	304	207
bears	1.463	48.16206	60	41
truck	1.46	23.63595	184	126
reaching	1.455	9.54578	32	22
preparing	1.455	10.85588	32	22
performing	1.455	18.21268	16	11
holding	1.445	2.56770	757	524
mug	1.444	31.63407	13	9
child	1.442	5.55055	199	138
monitor	1.438	53.26407	23	16
surrounded	1.429	3.59910	50	35
setting	1.429	3.60536	30	21
doll	1.429	23.64759	10	7
beverage	1.429	19.42814	10	7
bear	1.427	25.45707	224	157
have	1.423	3.04264	37	26
cart	1.423	21.29522	37	26
riding	1.419	5.99499	430	303
about	1.413	4.16359	65	46
throwing	1.412	22.61439	24	17
place	1.412	8.41527	24	17
kid	1.407	6.00399	38	27
skateboarder	1.406	27.16249	45	32
petting	1.4	31.05768	7	5
fork	1.4	22.03717	49	35
snowboarder	1.4	40.47400	21	15
structure	1.4	10.28349	7	5
aircraft	1.4	38.31213	7	5
harbor	1.4	104.75273	7	5
pushing	1.4	18.23799	7	5
siting	1.4	9.58385	7	5
bottom	1.4	9.73927	21	15
skateboarders	1.4	28.86142	7	5
baskets	1.4	43.18573	7	5
room	1.396	7.13591	416	298
lights	1.394	16.62668	46	33
giraffe	1.39	39.12977	246	177
object	1.385	6.90328	18	13
showing	1.385	3.97602	36	26
end	1.381	4.89987	29	21
area	1.379	2.45942	233	169
sinks	1.375	44.56832	44	32
island	1.375	58.94846	11	8
turn	1.375	13.09242	11	8
rug	1.375	17.94763	11	8
flight	1.375	26.52461	11	8
bending	1.375	15.80352	11	8
bus	1.372	24.71321	273	199
tray	1.368	12.47731	52	38
batter	1.367	50.36931	41	30
shelf	1.367	11.55948	41	30
opened	1.364	13.51496	15	11
controller	1.364	30.57222	30	22
bench	1.359	12.35171	193	142
bridge	1.357	23.08850	19	14
stick	1.357	13.09574	19	14
trail	1.357	19.23370	19	14
boards	1.357	13.36139	19	14
jump	1.353	20.46021	23	17
sticking	1.35	7.62012	27	20
using	1.348	6.46633	89	66
women	1.347	4.73329	66	49
looking	1.345	1.86318	300	223
hanging	1.34	5.44320	71	53
sides	1.333	11.45765	12	9
wagon	1.333	86.03735	4	3
rest	1.333	8.70333	20	15
trunk	1.333	36.30079	32	24
event	1.333	10.61399	8	6
plant	1.333	19.27667	20	15
walls	1.333	13.76313	40	30
tent	1.333	18.00983	4	3
ear	1.333	21.07617	8	6
roses	1.333	81.40711	4	3
type	1.333	5.88079	12	9
vases	1.333	47.83925	12	9
kneeling	1.333	9.63944	8	6
sports	1.333	13.47061	4	3
rackets	1.333	50.12381	4	3
towels	1.333	30.90056	4	3
dogs	1.329	15.92969	93	70
traveling	1.326	14.48888	57	43
talking	1.326	9.28968	57	43
cooking	1.318	23.49537	29	22
couch	1.314	16.59171	134	102
boxes	1.312	14.07554	21	16
spoon	1.312	21.41027	21	16
floors	1.308	24.15988	17	13
players	1.306	21.09792	47	36
toilet	1.3	30.96973	325	250
catching	1.3	19.75088	13	10
boat	1.298	28.36761	122	94
desk	1.296	22.19076	149	115
rack	1.294	10.22409	22	17
bathroom	1.29	23.00983	436	338
fashioned	1.286	11.35431	9	7
eyes	1.286	15.34152	18	14
attached	1.286	6.29835	36	28
range	1.286	41.95877	9	7
sailing	1.286	56.63031	9	7
attempting	1.286	11.10724	9	7
tops	1.286	29.92135	9	7
pizzas	1.286	59.71365	18	14
goat	1.286	51.79321	9	7
cap	1.286	10.39724	9	7
icing	1.286	36.23033	9	7
passing	1.278	11.51134	23	18
toddler	1.278	22.01340	23	18
helmet	1.273	17.83024	42	33
run	1.273	14.03962	14	11
parade	1.273	46.21861	14	11
tub	1.271	45.79424	61	48
hat	1.271	5.77070	61	48
grazing	1.27	22.85800	94	74
clock	1.267	31.54337	204	161
cats	1.267	31.91578	19	15
skating	1.267	25.72916	19	15
pots	1.267	38.48741	19	15
building	1.266	5.78957	233	184
oven	1.263	31.93782	72	57
cake	1.261	16.98864	227	180
car	1.261	8.27095	145	115
bag	1.259	9.76999	34	27
filled	1.258	4.14048	166	132
closed	1.25	9.69958	5	4
light	1.25	10.02697	115	92
boarding	1.25	12.25907	15	12
control	1.25	20.72901	30	24
stream	1.25	31.34682	5	4
uniforms	1.25	23.02107	5	4
cover	1.25	10.82969	10	8
basket	1.25	12.47933	35	28
pier	1.25	45.78198	10	8
bun	1.25	80.11473	20	16
mother	1.25	13.54910	10	8
fridge	1.25	47.67891	20	16
net	1.25	29.43500	5	4
ingredients	1.25	26.14128	10	8
flag	1.25	14.66426	25	20
feeding	1.25	18.35541	20	16
falling	1.25	15.01027	5	4
lift	1.25	41.25888	5	4
ship	1.25	53.19359	10	8
rows	1.25	15.25727	10	8
stadium	1.25	47.39268	5	4
wearing	1.247	3.76962	207	166
sleeping	1.244	17.88525	56	45
shirt	1.238	4.41367	104	84
engine	1.238	37.34677	26	21
vehicle	1.235	10.87082	21	17
painted	1.235	7.31322	42	34
hitting	1.235	22.10252	21	17
cabinets	1.233	55.63774	37	30
watching	1.231	5.25401	48	39
giraffes	1.228	47.95652	97	79
curb	1.222	12.66055	22	18
bar	1.222	13.25834	11	9
garage	1.222	21.28518	11	9
refrigerator	1.219	41.16993	39	32
crossing	1.214	11.16598	17	14
pole	1.214	16.95899	85	70
blender	1.214	105.24252	17	14
table	1.213	4.40357	633	522
fruits	1.211	50.14358	23	19
toothbrush	1.205	59.76395	47	39
appliances	1.2	61.69452	18	15
birds	1.2	16.95226	78	65
gate	1.2	16.65442	12	10
zebra	1.2	53.40692	114	95
bow	1.2	42.49068	12	10
kicking	1.2	93.36731	6	5
highway	1.2	27.52898	12	10
pool	1.2	21.14235	12	10
glove	1.2	30.47895	6	5
part	1.2	7.62364	6	5
beds	1.2	48.16344	18	15
foreground	1.2	6.40776	12	10
cabinet	1.2	20.70602	18	15
bride	1.2	102.65302	6	5
toys	1.2	17.59417	12	10
pipe	1.2	27.29495	12	10
match	1.2	36.62425	12	10
puppy	1.2	33.85747	6	5
fireplace	1.2	42.24705	12	10
scooter	1.2	42.18365	12	10
bull	1.2	39.39916	6	5
goats	1.2	66.65351	6	5
board	1.194	6.82632	117	98
shaped	1.19	6.45304	25	21
sink	1.186	22.65598	204	172
items	1.184	8.10843	45	38
animal	1.182	6.62411	39	33
path	1.182	9.50978	13	11
planes	1.182	49.01110	26	22
habitat	1.182	27.81546	13	11
wrapped	1.182	14.31866	13	11
left	1.182	4.69190	13	11
mouse	1.176	55.31801	20	17
horse	1.176	24.32223	194	165
boys	1.175	11.07496	47	40
wall	1.171	3.71212	137	117
door	1.17	8.61563	55	47
kite	1.168	28.76891	118	101
leading	1.167	13.27191	7	6
trailer	1.167	46.67310	14	12
lake	1.167	19.35723	28	24
shoe	1.167	39.17714	7	6
taken	1.167	5.49420	14	12
shop	1.167	14.76050	21	18
family	1.167	9.43752	14	12
frame	1.167	13.85207	7	6
built	1.167	17.33168	7	6
sort	1.167	7.57028	7	6
ties	1.167	46.00607	7	6
tongue	1.167	33.57437	7	6
railing	1.167	22.78670	7	6
hats	1.167	15.89259	7	6
motorcycle	1.164	35.33430	142	122
seat	1.161	15.55352	36	31
post	1.158	17.06370	22	19
arms	1.154	7.65156	15	13
stall	1.154	30.15197	15	13
bed	1.15	14.98270	245	213
church	1.15	65.34851	23	20
topped	1.149	9.59807	54	47
track	1.148	26.90765	62	54
feet	1.143	9.95359	8	7
wheel	1.143	16.80551	8	7
knife	1.139	13.43502	41	36
field	1.137	5.96029	406	357
ducks	1.133	71.73483	17	15
running	1.132	7.43283	43	38
yard	1.129	8.95431	35	31
drink	1.129	9.53697	35	31
men	1.127	4.18014	169	150
pond	1.125	32.28964	18	16
blanket	1.125	17.08511	27	24
landscape	1.125	12.13583	9	8
toothbrushes	1.125	60.43159	9	8
pasture	1.125	33.94696	9	8
hillside	1.125	18.02203	9	8
hand	1.121	3.95145	102	91
house	1.114	5.14679	39	35
fence	1.113	7.90132	108	97
day	1.111	3.28471	80	72
windows	1.111	15.56038	30	27
race	1.111	31.38486	10	9
egg	1.111	36.30246	10	9
monitors	1.111	118.39315	10	9
balls	1.111	23.60976	10	9
keyboard	1.108	41.29985	41	37
back	1.108	3.37683	123	111
outfit	1.1	12.02431	11	10
streets	1.1	16.38813	11	10
bottles	1.1	21.10432	11	10
lots	1.098	4.10573	45	41
phone	1.097	11.03617	169	154
enclosure	1.097	23.63733	34	31
road	1.093	5.58828	164	150
bank	1.091	17.06924	12	11
ramp	1.091	25.92327	36	33
containers	1.091	41.26696	12	11
runway	1.089	69.68066	49	45
racquet	1.088	33.25629	37	34
head	1.088	4.05491	62	57
cage	1.087	18.37188	25	23
cellphone	1.087	17.78511	25	23
game	1.087	11.27590	163	150
hill	1.085	13.63859	64	59
team	1.083	21.44507	13	12
staring	1.083	8.97368	13	12
skies	1.083	19.61451	13	12
brush	1.08	23.59491	27	25
catcher	1.08	55.92484	27	25
buses	1.077	34.45512	14	13
umbrella	1.074	20.67499	102	95
equipment	1.071	11.89083	15	14
bathtub	1.071	56.66854	15	14
full	1.071	3.42449	90	84
pastry	1.071	21.23737	15	14
pen	1.071	16.01845	15	14
children	1.069	6.48717	77	72
bat	1.069	33.09021	109	102
pitch	1.067	44.60563	16	15
kitchen	1.065	17.18229	228	214
towards	1.062	4.15350	17	16
branch	1.062	66.82715	17	16
skateboards	1.062	23.16752	17	16
plants	1.061	11.80475	35	33
suit	1.057	14.67016	37	35
window	1.057	6.81316	93	88
sky	1.056	13.11897	152	144
surface	1.053	5.80266	20	19
containing	1.05	7.59435	21	20
gear	1.05	17.57805	21	20
bags	1.05	14.00404	21	20
sidewalk	1.05	7.58299	106	101
racket	1.045	35.06492	69	66
mouth	1.044	12.86864	47	45
bicycle	1.043	29.35297	24	23
surfboard	1.042	30.39040	74	71
towel	1.042	16.86618	25	24
chair	1.036	7.39946	114	110
suitcase	1.033	21.43459	31	30
trick	1.033	23.29548	31	30
shore	1.031	17.24133	33	32
floor	1.029	6.19914	70	68
teeth	1.029	72.58582	36	35
store	1.029	12.93072	36	35
forest	1.027	10.40370	38	37
microwave	1.027	48.40789	38	37
with	1.026	1.08766	2743	2674
snowboard	1.021	31.37082	48	47
pizza	1.021	27.00934	241	236
ground	1.014	2.87846	75	74
counter	1.013	9.17371	77	76
beach	1.012	17.71180	169	167
of	1.009	1.02349	3643	3611
train	1.007	22.01280	280	278
top	1.005	1.73518	403	401
near	1.003	1.52558	312	311
including	1.0	11.53684	17	17
station	1.0	27.35466	39	39
market	1.0	56.32959	25	25
covered	1.0	4.35000	113	113
packed	1.0	27.55679	10	10
tarmac	1.0	77.25713	22	22
terminal	1.0	38.78710	10	10
under	1.0	3.07991	97	97
directions	1.0	23.70585	12	12
past	1.0	5.52460	25	25
onto	1.0	3.72901	30	30
pouring	1.0	29.03990	4	4
colored	1.0	3.66704	40	40
mounted	1.0	10.63327	14	14
during	1.0	6.72257	48	48
written	1.0	21.84405	3	3
ledge	1.0	11.13834	4	4
clothing	1.0	9.52127	5	5
between	1.0	3.42219	37	37
overlooking	1.0	13.90650	11	11
direction	1.0	15.40962	7	7
across	1.0	3.49636	53	53
against	1.0	3.55562	42	42
branches	1.0	29.30438	12	12
lawn	1.0	13.50365	8	8
sized	1.0	9.53806	6	6
desert	1.0	13.94482	11	11
among	1.0	7.53308	14	14
leg	1.0	12.83090	1	1
wetsuit	1.0	71.87691	3	3
couches	1.0	53.62271	9	9
furniture	1.0	29.96928	39	39
surrounding	1.0	10.10519	3	3
mitt	1.0	35.94371	1	1
shoulder	1.0	13.40569	6	6
supplies	1.0	25.01635	8	8
toaster	1.0	61.09385	4	4
shirts	1.0	16.05514	3	3
toilets	1.0	53.81901	6	6
potatoes	1.0	41.74103	9	9
beneath	1.0	6.91283	7	7
foot	1.0	9.40433	13	13
atop	1.0	5.67577	13	13
barn	1.0	27.62128	5	5
toward	1.0	5.49624	11	11
platform	1.0	36.10799	9	9
tracks	1.0	37.91749	66	66
rope	1.0	30.94742	4	4
poles	1.0	21.29590	9	9
salad	1.0	33.80510	41	41
ladies	1.0	11.48453	3	3
boarder	1.0	16.38728	5	5
wave	1.0	56.25538	36	36
tv	1.0	26.31260	51	51
ceiling	1.0	21.89669	13	13
doors	1.0	14.74668	4	4
riders	1.0	25.27107	5	5
rider	1.0	22.73959	14	14
reading	1.0	9.32232	8	8
tail	1.0	20.85330	2	2
photos	1.0	10.42325	7	7
leash	1.0	20.61088	4	4
pillow	1.0	26.24201	12	12
disc	1.0	28.68054	8	8
plain	1.0	18.47535	8	8
serving	1.0	12.32186	17	17
nose	1.0	14.35468	2	2
featuring	1.0	10.40909	4	4
slopes	1.0	42.44914	5	5
clocks	1.0	65.79204	14	14
adults	1.0	10.72490	11	11
garden	1.0	27.05213	7	7
haired	1.0	15.91015	2	2
fallen	1.0	16.23139	4	4
device	1.0	13.91282	6	6
walkway	1.0	9.66458	4	4
flip	1.0	26.58222	2	2
without	1.0	10.62571	6	6
workers	1.0	22.35829	5	5
course	1.0	21.90300	2	2
pedestrians	1.0	22.33792	2	2
snowboarders	1.0	65.44143	5	5
backpack	1.0	12.85131	4	4
sill	1.0	44.39101	5	5
wind	1.0	33.73949	4	4
missing	1.0	20.72568	3	3
pitching	1.0	77.60906	2	2
smile	1.0	15.09891	2	2
writing	1.0	11.34494	5	5
item	1.0	10.61296	3	3
log	1.0	23.93297	3	3
beans	1.0	31.74503	1	1
museum	1.0	48.34867	1	1
in	0.999	1.04648	3201	3205
at	0.999	1.72406	710	711
on	0.997	1.07596	3605	3616
front	0.997	1.59389	319	320
from	0.994	1.79470	165	166
behind	0.991	1.95149	110	111
next	0.99	1.32668	608	614
into	0.989	2.50081	86	87
ball	0.987	14.59524	157	159
court	0.987	31.53012	76	77
through	0.986	3.15753	137	139
camera	0.985	4.41019	67	68
slope	0.985	29.34902	64	65
cutting	0.98	12.78675	48	49
clean	0.977	18.98626	42	43
river	0.977	19.97397	42	43
hands	0.974	4.76332	38	39
way	0.966	7.00746	28	29
jacket	0.962	8.65120	25	26
bike	0.959	19.70221	70	73
woods	0.957	19.90056	22	23
cows	0.955	41.50226	63	66
leaves	0.955	15.02462	21	22
donut	0.955	32.92407	21	22
by	0.954	1.42822	248	260
like	0.951	2.77292	39	41
sandwiches	0.95	31.40758	19	20
laptops	0.95	58.03514	19	20
fries	0.95	103.31669	19	20
phones	0.947	25.14242	18	19
airplanes	0.947	53.39991	18	19
benches	0.944	20.93719	17	18
along	0.942	3.59801	49	52
beside	0.942	2.02490	49	52
background	0.941	2.29876	112	119
legs	0.941	6.97441	16	17
stove	0.941	36.71385	64	68
tree	0.938	7.41566	91	97
guys	0.938	7.82809	15	16
noodles	0.938	93.05932	15	16
distance	0.938	5.43339	15	16
mountains	0.933	21.89265	28	30
dress	0.929	9.39354	13	14
skateboard	0.924	20.58004	145	157
face	0.923	4.49689	36	39
waves	0.923	38.11202	24	26
pictures	0.923	6.25017	12	13
buildings	0.922	10.50632	47	51
tie	0.922	33.44282	47	51
ocean	0.917	19.09313	55	60
colors	0.909	8.28659	10	11
loaded	0.909	14.58456	10	11
carriage	0.909	113.47410	20	22
lunch	0.909	31.28615	10	11
for	0.906	1.84465	192	212
banana	0.902	26.87597	55	61
trucks	0.9	28.07820	9	10
frisbee	0.899	25.82008	89	99
glass	0.891	7.03837	90	101
television	0.891	26.12839	49	55
foods	0.889	23.18290	8	9
rock	0.889	20.42712	16	18
steps	0.889	16.52187	8	9
spread	0.889	18.22117	8	9
horses	0.888	28.51766	79	89
mirror	0.887	18.84121	86	97
inside	0.884	2.79685	76	86
utensils	0.882	18.35790	15	17
restaurant	0.879	13.61933	51	58
surfers	0.875	42.95237	7	8
kites	0.875	55.84570	28	32
clouds	0.875	28.78746	7	8
before	0.875	6.06454	7	8
sheets	0.875	41.92815	7	8
computer	0.871	21.47019	108	124
time	0.87	8.28860	20	23
adult	0.87	10.76562	20	23
boats	0.868	53.78747	33	38
underneath	0.867	5.07001	13	15
street	0.864	6.00818	413	478
computers	0.864	60.86773	19	22
skiers	0.864	45.34986	19	22
over	0.863	2.31116	139	161
land	0.857	13.31397	6	7
alongside	0.857	8.28814	6	7
coat	0.857	12.34379	6	7
cups	0.857	19.14277	6	7
laptop	0.855	23.48405	136	159
donuts	0.851	54.60304	40	47
pie	0.846	25.86969	11	13
zebras	0.843	65.70860	59	70
elephants	0.842	60.36709	80	95
pillows	0.842	51.50433	16	19
surfboards	0.84	31.85721	21	25
sun	0.839	6.44872	26	31
paint	0.833	13.84548	10	12
crosswalk	0.833	28.84948	5	6
after	0.833	8.49750	10	12
dessert	0.833	19.75672	10	12
space	0.833	9.97575	5	6
bowls	0.833	27.91904	10	12
center	0.833	9.11324	5	6
steep	0.833	33.78811	5	6
candle	0.833	30.13680	10	12
locomotive	0.833	121.31744	5	6
soup	0.833	88.09175	15	18
breakfast	0.833	34.99761	5	6
park	0.823	8.17144	93	113
book	0.822	12.41991	37	45
apple	0.821	31.79070	23	28
above	0.82	3.89466	50	61
houses	0.818	16.08503	9	11
sauce	0.818	21.34955	9	11
dresser	0.818	35.73655	9	11
airport	0.817	43.83297	49	60
air	0.817	7.25787	89	109
sheep	0.814	48.46145	79	97
animals	0.812	11.52211	39	48
base	0.812	30.76804	13	16
tile	0.81	23.33440	17	21
sand	0.806	17.53030	29	36
curtain	0.8	49.90885	4	5
frosting	0.8	35.46700	8	10
electronics	0.8	45.31687	4	5
wheels	0.8	17.64320	4	5
pavement	0.8	11.62805	4	5
gets	0.8	11.30532	8	10
controllers	0.8	51.27531	8	10
carpet	0.8	15.56502	4	5
eggs	0.8	34.70167	4	5
screen	0.794	18.91690	27	34
drawn	0.786	70.11597	11	14
sofa	0.786	23.38387	11	14
doughnuts	0.781	59.58636	25	32
umpire	0.778	73.61479	7	9
fish	0.778	18.45638	7	9
male	0.767	6.31256	23	30
rail	0.76	13.75937	19	25
bush	0.75	17.59261	3	4
roof	0.75	16.10407	3	4
lettuce	0.75	43.94762	9	12
toppings	0.75	41.59329	12	16
games	0.75	35.16175	6	8
farm	0.75	23.41783	3	4
party	0.75	20.63114	6	8
vanity	0.75	46.13513	9	12
things	0.75	7.38679	3	4
color	0.75	8.85486	6	8
deck	0.75	19.00266	3	4
juice	0.75	30.66866	6	8
mountain	0.747	18.91748	56	75
baby	0.739	11.09436	51	69
costume	0.733	19.50749	11	15
smiling	0.733	6.20678	33	45
chairs	0.731	17.87885	38	52
toy	0.731	6.93355	19	26
down	0.73	2.77789	270	370
style	0.727	5.64560	8	11
suitcases	0.727	26.74041	8	11
lap	0.722	17.34186	13	18
office	0.722	24.81823	13	18
flowers	0.721	24.74407	62	86
tiles	0.714	36.48765	5	7
uniform	0.714	17.75869	15	21
tables	0.714	16.36907	15	21
competition	0.714	21.81746	5	7
stuff	0.714	11.24457	5	7
trays	0.714	38.64643	5	7
cluttered	0.714	24.44754	5	7
shower	0.712	49.17926	42	59
people	0.708	2.77582	412	582
grass	0.706	6.59613	168	238
cross	0.704	16.55884	19	27
to	0.702	1.13505	783	1116
friends	0.7	13.16415	7	10
flower	0.7	19.56144	14	20
rain	0.7	33.62890	14	20
sheet	0.7	12.58619	7	10
pans	0.7	37.00745	7	10
kids	0.694	7.80943	25	36
trees	0.692	5.45548	83	120
zoo	0.686	27.97813	24	35
glasses	0.686	9.79302	24	35
rocks	0.677	17.90876	21	31
lamp	0.667	18.57612	12	18
apples	0.667	68.38716	18	27
persons	0.667	10.50956	2	3
sail	0.667	71.28926	4	6
tank	0.667	19.67455	2	3
carrots	0.667	33.05429	30	45
propeller	0.667	56.84024	4	6
neck	0.667	17.33293	10	15
vehicles	0.667	14.79767	6	9
vest	0.667	21.09948	2	3
waters	0.667	20.00730	4	6
can	0.667	4.42438	10	15
curtains	0.667	33.73949	4	6
arm	0.667	6.77980	10	15
stairs	0.667	17.62715	6	9
decorations	0.667	15.45171	8	12
sweater	0.667	15.74831	2	3
blankets	0.667	33.10733	2	3
cars	0.661	12.85305	37	56
around	0.652	2.71824	88	135
away	0.647	5.68426	11	17
display	0.647	8.68540	33	51
hair	0.64	9.82030	16	25
toast	0.636	41.77811	7	11
shoes	0.625	14.89433	5	8
cloth	0.625	11.11698	5	8
shelves	0.625	21.02046	5	8
shade	0.625	13.72856	5	8
sea	0.625	17.03860	5	8
bushes	0.615	15.05265	8	13
chicken	0.611	29.91710	11	18
papers	0.6	26.49662	3	5
business	0.6	18.77475	3	5
fenced	0.6	16.87941	9	15
string	0.6	22.17888	3	5
sunglasses	0.6	13.01016	3	5
landing	0.6	59.29361	3	5
baked	0.588	21.64501	10	17
candles	0.586	38.43191	17	29
below	0.583	7.72295	7	12
pastries	0.583	35.64915	7	12
well	0.571	6.80806	8	14
shorts	0.571	13.94745	8	14
wild	0.571	22.07232	8	14
work	0.571	12.00671	4	7
action	0.571	14.83074	4	7
bikes	0.562	28.82885	18	32
fruit	0.559	23.93411	33	59
close	0.559	2.43721	66	118
motorcycles	0.559	46.15888	19	34
bananas	0.558	40.82666	43	77
potted	0.556	23.56999	5	9
subway	0.556	42.03757	5	9
scissors	0.548	39.39404	40	73
mirrors	0.545	39.94421	6	11
vegetables	0.544	21.98965	49	90
water	0.544	6.86125	149	274
graffiti	0.538	22.20669	7	13
oranges	0.537	82.33956	22	41
off	0.536	3.68299	30	56
are	0.53	1.47533	350	660
school	0.529	43.14216	9	17
cream	0.526	20.39274	10	19
other	0.524	1.91816	109	208
skis	0.52	28.67316	52	100
semi	0.5	72.89585	1	2
greens	0.5	27.60853	5	10
telephone	0.5	14.80899	4	8
cakes	0.5	36.39360	1	2
onions	0.5	29.25221	7	14
counters	0.5	48.81113	2	4
soda	0.5	27.91624	5	10
paddle	0.5	56.53105	2	4
roadway	0.5	13.00700	2	4
spectators	0.5	22.79257	2	4
bicycles	0.474	36.31198	9	19
remote	0.468	22.36434	29	62
snow	0.462	17.53317	97	210
up	0.461	1.27011	173	375
carrot	0.455	24.25953	5	11
meat	0.452	25.78571	19	42
out	0.446	1.71876	79	177
outside	0.444	2.34061	48	108
sliding	0.444	22.54044	4	9
shopping	0.444	20.25623	4	9
chain	0.444	15.61610	4	9
crowded	0.444	10.78867	4	9
cheese	0.439	24.93746	29	66
tomatoes	0.438	24.67156	7	16
dirty	0.438	17.72005	7	16
someone	0.429	3.53200	18	42
wires	0.429	32.42693	3	7
remotes	0.429	43.11528	3	7
umbrellas	0.426	34.31564	20	47
something	0.423	3.28428	22	52
bread	0.417	15.35445	15	36
pasta	0.417	79.47333	10	24
books	0.417	31.37749	5	12
getting	0.414	4.75717	24	58
surf	0.414	25.17247	12	29
paper	0.412	8.61247	21	51
black	0.407	2.18168	140	344
is	0.404	1.05613	683	1692
one	0.402	1.74169	51	127
ripe	0.4	66.37012	2	5
luggage	0.4	14.88589	26	65
cooked	0.4	24.91625	6	15
2	0.4	8.54433	2	5
stunt	0.4	26.88737	2	5
sunset	0.4	32.03514	2	5
gold	0.385	17.79006	5	13
round	0.385	7.33033	5	13
jet	0.382	45.69917	13	34
broccoli	0.381	56.74865	40	105
if	0.375	8.92270	3	8
formation	0.375	113.24714	3	8
pepperoni	0.375	96.38395	6	16
ski	0.364	26.95805	24	66
desktop	0.364	87.99580	4	11
sliced	0.364	22.22091	4	11
food	0.339	7.31273	77	227
messy	0.333	18.11205	4	12
jeans	0.333	16.19142	2	6
vegetable	0.333	21.81944	3	9
bacon	0.333	36.89428	4	12
good	0.333	9.45197	3	9
milk	0.333	21.26603	1	3
produce	0.333	78.13371	2	6
cute	0.333	5.36389	5	15
laughing	0.333	18.68366	1	3
sprinkles	0.333	107.66485	3	9
suits	0.333	37.82723	1	3
fancy	0.333	11.63443	2	6
jets	0.333	97.95687	1	3
trains	0.333	38.68238	1	3
apartment	0.333	16.39658	1	3
city	0.329	7.72107	57	173
orange	0.319	4.12869	30	94
wii	0.302	38.72874	19	63
drinks	0.3	13.84597	3	10
rice	0.294	56.42217	5	17
tea	0.286	22.06360	2	7
cargo	0.286	39.21821	2	7
snowboards	0.286	48.45610	2	7
flags	0.286	22.01743	2	7
square	0.286	10.94490	2	7
cattle	0.286	41.21051	4	14
dirt	0.284	8.65884	21	74
empty	0.281	4.31531	18	64
town	0.273	11.06887	3	11
wet	0.269	17.81537	7	26
dinner	0.267	18.68074	4	15
bath	0.258	29.04048	8	31
stop	0.255	19.80494	26	102
art	0.25	12.92651	1	4
urinals	0.25	82.29316	1	4
horseback	0.25	42.04809	1	4
straw	0.25	18.28864	1	4
beer	0.25	16.51827	2	8
sausage	0.25	30.62574	1	4
so	0.25	9.26927	1	4
female	0.25	12.30108	3	12
green	0.232	2.63123	56	241
dark	0.229	4.27572	8	35
high	0.227	6.05602	10	44
silver	0.226	7.29299	7	31
yellow	0.218	4.02685	29	133
open	0.216	2.89688	25	116
hay	0.214	32.28447	3	14
fried	0.214	32.13849	3	14
tricks	0.211	24.10114	4	19
pink	0.207	5.03102	12	58
wine	0.206	27.76835	7	34
glazed	0.2	93.89432	1	5
winter	0.2	13.33071	1	5
sale	0.2	38.89956	2	10
blue	0.194	2.43449	49	253
grey	0.19	5.16962	4	21
big	0.188	2.19716	16	85
striped	0.188	9.04429	3	16
's	0.183	1.89852	20	109
eye	0.182	12.88946	2	11
passengers	0.182	17.13309	2	11
construction	0.182	14.86715	2	11
tomato	0.182	30.94519	2	11
low	0.182	8.62768	2	11
country	0.174	20.99508	4	23
brown	0.17	4.96148	23	135
new	0.167	11.21749	2	12
smaller	0.167	10.49649	1	6
model	0.167	15.70140	1	6
purple	0.16	7.10161	4	25
chocolate	0.158	24.10110	6	38
traffic	0.154	17.66111	14	91
beautiful	0.154	4.70880	4	26
palm	0.154	17.07882	2	13
all	0.152	2.72160	7	46
red	0.147	2.69674	41	279
cement	0.143	10.84312	2	14
wire	0.143	12.40692	2	14
be	0.143	2.50924	6	42
nice	0.143	6.94146	2	14
lamps	0.143	60.09224	1	7
motion	0.143	13.15249	1	7
hotel	0.136	40.82482	3	22
huge	0.133	5.76787	2	15
alone	0.133	6.50726	2	15
others	0.125	5.65487	2	16
veggies	0.125	31.54382	1	8
fast	0.125	13.99544	1	8
night	0.125	21.30048	6	48
here	0.125	8.89404	1	8
fluffy	0.125	23.89762	1	8
pretty	0.125	4.40009	1	8
pickup	0.125	104.85464	1	8
mustard	0.125	140.57983	1	8
leather	0.125	20.04717	1	8
dry	0.12	22.82820	3	25
flat	0.118	20.64571	2	17
colorful	0.115	5.22113	7	61
baseball	0.112	25.83562	28	249
cloudy	0.111	14.14752	3	27
smoke	0.111	82.57187	2	18
mushrooms	0.111	43.90510	1	9
wooded	0.111	12.18860	2	18
blurry	0.111	11.18339	1	9
stainless	0.111	59.74381	1	9
tan	0.111	8.36241	1	9
busy	0.105	15.39488	4	38
passenger	0.105	18.45291	2	19
parking	0.101	11.22309	7	69
right	0.1	4.53383	1	10
long	0.1	3.94967	6	60
i	0.1	35.16812	1	10
as	0.095	1.73093	12	126
mid	0.091	13.24161	1	11
wood	0.091	7.91421	4	44
trash	0.091	17.54360	1	11
hard	0.083	13.15330	1	12
video	0.083	31.34747	5	60
american	0.083	43.81709	1	12
vintage	0.083	11.45189	1	12
no	0.08	5.41987	2	25
home	0.079	10.94763	3	38
steel	0.077	26.61498	1	13
decorative	0.077	10.99499	1	13
another	0.076	2.34062	6	79
public	0.074	10.08117	2	27
overhead	0.071	11.36227	1	14
five	0.071	8.53350	1	14
coffee	0.07	15.74892	4	57
it	0.068	1.57889	34	499
tooth	0.067	59.53408	1	15
same	0.067	6.28418	1	15
police	0.067	44.85741	1	15
tall	0.063	8.66383	5	79
large	0.063	1.99918	30	474
gray	0.061	6.01461	2	33
old	0.06	4.30597	7	117
rocky	0.059	18.04039	1	17
half	0.056	9.61206	2	36
railroad	0.056	37.86979	1	18
modern	0.053	14.35627	1	19
white	0.047	1.77878	29	619
together	0.044	3.14580	5	114
many	0.042	2.60811	5	119
skate	0.042	22.81315	2	48
birthday	0.037	35.22432	1	27
bright	0.036	4.19837	1	28
plastic	0.033	9.11671	1	30
stone	0.033	10.29055	1	30
there	0.028	1.51333	6	217
living	0.026	21.16982	3	117
teddy	0.023	38.12854	2	86
young	0.023	3.01313	7	309
cell	0.021	13.31864	2	95
metal	0.019	4.25815	1	53
small	0.019	1.79121	7	375
each	0.018	2.76734	2	111
while	0.018	1.94841	4	223
this	0.017	2.20633	2	118
hot	0.015	33.44886	1	68
three	0.014	2.28471	2	142
four	0.014	3.95126	1	74
stuffed	0.013	24.41599	1	78
grassy	0.012	9.81835	1	86
tennis	0.011	27.81152	3	268
its	0.01	3.71755	1	96
very	0.008	1.97916	1	120
wooden	0.006	3.40840	1	160
two	0.006	1.53374	5	804
her	0.006	3.52990	1	170
a	0.001	1.00115	12	16518
the	0.001	1.08807	2	3293
.	0.001	1.00007	4	7526
